Variable,Year,City,Budget,Lag1,Lag2,Variable_Education Spending,Variable_Electric Utility Spending,Variable_Envir. & Housing Spending,Variable_Gas Utility Spending,Variable_General Expenditures,Variable_Govt. Admin. Spending,Variable_Health & Welfare Spending,Variable_Interest on General Debt,Variable_Miscellaneous Spending,Variable_Public Safety Spending,Variable_Total Expenditures,Variable_Transit Utility Spending,Variable_Transportation Spending,Variable_Water Utility Spending,Predicted
Education Spending,2000.0,MA: Boston,2136.0,0.0,0.0,1.0,0.0,0.0,0.0,0.0,0.0,0.0,0.0,0.0,0.0,0.0,0.0,0.0,0.0,0.0
Education Spending,2001.0,MA: Boston,2182.0,2136.0,0.0,1.0,0.0,0.0,0.0,0.0,0.0,0.0,0.0,0.0,0.0,0.0,0.0,0.0,0.0,2218.5716130408514
Education Spending,2002.0,MA: Boston,2161.0,2182.0,2136.0,1.0,0.0,0.0,0.0,0.0,0.0,0.0,0.0,0.0,0.0,0.0,0.0,0.0,0.0,2187.1801236346073
Education Spending,2003.0,MA: Boston,2212.0,2161.0,2182.0,1.0,0.0,0.0,0.0,0.0,0.0,0.0,0.0,0.0,0.0,0.0,0.0,0.0,0.0,2187.1801236346073
Education Spending,2004.0,MA: Boston,2131.0,2212.0,2161.0,1.0,0.0,0.0,0.0,0.0,0.0,0.0,0.0,0.0,0.0,0.0,0.0,0.0,0.0,2187.1801236346073
Education Spending,2005.0,MA: Boston,2132.0,2131.0,2212.0,1.0,0.0,0.0,0.0,0.0,0.0,0.0,0.0,0.0,0.0,0.0,0.0,0.0,0.0,2187.1801236346073
Education Spending,2006.0,MA: Boston,2255.0,2132.0,2131.0,1.0,0.0,0.0,0.0,0.0,0.0,0.0,0.0,0.0,0.0,0.0,0.0,0.0,0.0,2192.4186836512467
Education Spending,2007.0,MA: Boston,2250.0,2255.0,2132.0,1.0,0.0,0.0,0.0,0.0,0.0,0.0,0.0,0.0,0.0,0.0,0.0,0.0,0.0,2238.290653658168
Education Spending,2008.0,MA: Boston,2299.0,2250.0,2255.0,1.0,0.0,0.0,0.0,0.0,0.0,0.0,0.0,0.0,0.0,0.0,0.0,0.0,0.0,2243.538165440362
Education Spending,2009.0,MA: Boston,2272.0,2299.0,2250.0,1.0,0.0,0.0,0.0,0.0,0.0,0.0,0.0,0.0,0.0,0.0,0.0,0.0,0.0,2296.722609630182
Education Spending,2010.0,MA: Boston,2217.0,2272.0,2299.0,1.0,0.0,0.0,0.0,0.0,0.0,0.0,0.0,0.0,0.0,0.0,0.0,0.0,0.0,2181.4230148194215
Education Spending,2011.0,MA: Boston,2086.0,2217.0,2272.0,1.0,0.0,0.0,0.0,0.0,0.0,0.0,0.0,0.0,0.0,0.0,0.0,0.0,0.0,2135.5510448125
Education Spending,2012.0,MA: Boston,2140.0,2086.0,2217.0,1.0,0.0,0.0,0.0,0.0,0.0,0.0,0.0,0.0,0.0,0.0,0.0,0.0,0.0,2145.9667808973586
Education Spending,2013.0,MA: Boston,2026.0,2140.0,2086.0,1.0,0.0,0.0,0.0,0.0,0.0,0.0,0.0,0.0,0.0,0.0,0.0,0.0,0.0,2145.9667808973586
Education Spending,2014.0,MA: Boston,2204.0,2026.0,2140.0,1.0,0.0,0.0,0.0,0.0,0.0,0.0,0.0,0.0,0.0,0.0,0.0,0.0,0.0,2168.5369065922914
Education Spending,2015.0,MA: Boston,2298.0,2204.0,2026.0,1.0,0.0,0.0,0.0,0.0,0.0,0.0,0.0,0.0,0.0,0.0,0.0,0.0,0.0,2184.246221300694
Education Spending,2016.0,MA: Boston,2292.0,2298.0,2204.0,1.0,0.0,0.0,0.0,0.0,0.0,0.0,0.0,0.0,0.0,0.0,0.0,0.0,0.0,2300.8496690807956
Education Spending,2017.0,MA: Boston,2340.0,2292.0,2298.0,1.0,0.0,0.0,0.0,0.0,0.0,0.0,0.0,0.0,0.0,0.0,0.0,0.0,0.0,2300.8496690807956
Education Spending,2018.0,MA: Boston,2410.0,2340.0,2292.0,1.0,0.0,0.0,0.0,0.0,0.0,0.0,0.0,0.0,0.0,0.0,0.0,0.0,0.0,2371.8338986169706
Education Spending,2019.0,MA: Boston,2369.0,2410.0,2340.0,1.0,0.0,0.0,0.0,0.0,0.0,0.0,0.0,0.0,0.0,0.0,0.0,0.0,0.0,2425.382247640722
Education Spending,2020.0,MA: Boston,2526.0,2369.0,2410.0,1.0,0.0,0.0,0.0,0.0,0.0,0.0,0.0,0.0,0.0,0.0,0.0,0.0,0.0,2522.293335315965
Education Spending,2021.0,MA: Boston,2617.0,2526.0,2369.0,1.0,0.0,0.0,0.0,0.0,0.0,0.0,0.0,0.0,0.0,0.0,0.0,0.0,0.0,2622.523953631157
Education Spending,2022.0,MA: Boston,,2617.0,2526.0,1.0,0.0,0.0,0.0,0.0,0.0,0.0,0.0,0.0,0.0,0.0,0.0,0.0,0.0,2662.8455126239733
Education Spending,2023.0,MA: Boston,,2662.8455126239733,2617.0,1.0,0.0,0.0,0.0,0.0,0.0,0.0,0.0,0.0,0.0,0.0,0.0,0.0,0.0,2662.8455126239733
Education Spending,2024.0,MA: Boston,,2662.8455126239733,2662.8455126239733,1.0,0.0,0.0,0.0,0.0,0.0,0.0,0.0,0.0,0.0,0.0,0.0,0.0,0.0,2662.8455126239733
Education Spending,2025.0,MA: Boston,,2662.8455126239733,2662.8455126239733,1.0,0.0,0.0,0.0,0.0,0.0,0.0,0.0,0.0,0.0,0.0,0.0,0.0,0.0,2662.8455126239733
Electric Utility Spending,2000.0,MA: Boston,0.0,0.0,0.0,0.0,1.0,0.0,0.0,0.0,0.0,0.0,0.0,0.0,0.0,0.0,0.0,0.0,0.0,0.0
Electric Utility Spending,2001.0,MA: Boston,0.0,0.0,0.0,0.0,1.0,0.0,0.0,0.0,0.0,0.0,0.0,0.0,0.0,0.0,0.0,0.0,0.0,0.0
Electric Utility Spending,2002.0,MA: Boston,0.0,0.0,0.0,0.0,1.0,0.0,0.0,0.0,0.0,0.0,0.0,0.0,0.0,0.0,0.0,0.0,0.0,0.0
Electric Utility Spending,2003.0,MA: Boston,0.0,0.0,0.0,0.0,1.0,0.0,0.0,0.0,0.0,0.0,0.0,0.0,0.0,0.0,0.0,0.0,0.0,0.0
Electric Utility Spending,2004.0,MA: Boston,0.0,0.0,0.0,0.0,1.0,0.0,0.0,0.0,0.0,0.0,0.0,0.0,0.0,0.0,0.0,0.0,0.0,0.0
Electric Utility Spending,2005.0,MA: Boston,0.0,0.0,0.0,0.0,1.0,0.0,0.0,0.0,0.0,0.0,0.0,0.0,0.0,0.0,0.0,0.0,0.0,0.0
Electric Utility Spending,2006.0,MA: Boston,0.0,0.0,0.0,0.0,1.0,0.0,0.0,0.0,0.0,0.0,0.0,0.0,0.0,0.0,0.0,0.0,0.0,0.0
Electric Utility Spending,2007.0,MA: Boston,0.0,0.0,0.0,0.0,1.0,0.0,0.0,0.0,0.0,0.0,0.0,0.0,0.0,0.0,0.0,0.0,0.0,0.0
Electric Utility Spending,2008.0,MA: Boston,0.0,0.0,0.0,0.0,1.0,0.0,0.0,0.0,0.0,0.0,0.0,0.0,0.0,0.0,0.0,0.0,0.0,0.0
Electric Utility Spending,2009.0,MA: Boston,0.0,0.0,0.0,0.0,1.0,0.0,0.0,0.0,0.0,0.0,0.0,0.0,0.0,0.0,0.0,0.0,0.0,0.0
Electric Utility Spending,2010.0,MA: Boston,0.0,0.0,0.0,0.0,1.0,0.0,0.0,0.0,0.0,0.0,0.0,0.0,0.0,0.0,0.0,0.0,0.0,0.0
Electric Utility Spending,2011.0,MA: Boston,0.0,0.0,0.0,0.0,1.0,0.0,0.0,0.0,0.0,0.0,0.0,0.0,0.0,0.0,0.0,0.0,0.0,0.0
Electric Utility Spending,2012.0,MA: Boston,0.0,0.0,0.0,0.0,1.0,0.0,0.0,0.0,0.0,0.0,0.0,0.0,0.0,0.0,0.0,0.0,0.0,0.0
Electric Utility Spending,2013.0,MA: Boston,0.0,0.0,0.0,0.0,1.0,0.0,0.0,0.0,0.0,0.0,0.0,0.0,0.0,0.0,0.0,0.0,0.0,0.0
Electric Utility Spending,2014.0,MA: Boston,0.0,0.0,0.0,0.0,1.0,0.0,0.0,0.0,0.0,0.0,0.0,0.0,0.0,0.0,0.0,0.0,0.0,0.0
Electric Utility Spending,2015.0,MA: Boston,0.0,0.0,0.0,0.0,1.0,0.0,0.0,0.0,0.0,0.0,0.0,0.0,0.0,0.0,0.0,0.0,0.0,0.0
Electric Utility Spending,2016.0,MA: Boston,0.0,0.0,0.0,0.0,1.0,0.0,0.0,0.0,0.0,0.0,0.0,0.0,0.0,0.0,0.0,0.0,0.0,0.0
Electric Utility Spending,2017.0,MA: Boston,0.0,0.0,0.0,0.0,1.0,0.0,0.0,0.0,0.0,0.0,0.0,0.0,0.0,0.0,0.0,0.0,0.0,0.0
Electric Utility Spending,2018.0,MA: Boston,0.0,0.0,0.0,0.0,1.0,0.0,0.0,0.0,0.0,0.0,0.0,0.0,0.0,0.0,0.0,0.0,0.0,0.0
Electric Utility Spending,2019.0,MA: Boston,0.0,0.0,0.0,0.0,1.0,0.0,0.0,0.0,0.0,0.0,0.0,0.0,0.0,0.0,0.0,0.0,0.0,0.0
Electric Utility Spending,2020.0,MA: Boston,0.0,0.0,0.0,0.0,1.0,0.0,0.0,0.0,0.0,0.0,0.0,0.0,0.0,0.0,0.0,0.0,0.0,0.0
Electric Utility Spending,2021.0,MA: Boston,0.0,0.0,0.0,0.0,1.0,0.0,0.0,0.0,0.0,0.0,0.0,0.0,0.0,0.0,0.0,0.0,0.0,0.0
Electric Utility Spending,2022.0,MA: Boston,,0.0,0.0,0.0,1.0,0.0,0.0,0.0,0.0,0.0,0.0,0.0,0.0,0.0,0.0,0.0,0.0,0.0
Electric Utility Spending,2023.0,MA: Boston,,4.580962794650281,0.0,0.0,1.0,0.0,0.0,0.0,0.0,0.0,0.0,0.0,0.0,0.0,0.0,0.0,0.0,4.580962794650281
Electric Utility Spending,2024.0,MA: Boston,,4.580962794650281,4.580962794650281,0.0,1.0,0.0,0.0,0.0,0.0,0.0,0.0,0.0,0.0,0.0,0.0,0.0,0.0,4.580962794650281
Electric Utility Spending,2025.0,MA: Boston,,4.580962794650281,4.580962794650281,0.0,1.0,0.0,0.0,0.0,0.0,0.0,0.0,0.0,0.0,0.0,0.0,0.0,0.0,4.580962794650281
Envir. & Housing Spending,2000.0,MA: Boston,1382.0,0.0,0.0,0.0,0.0,1.0,0.0,0.0,0.0,0.0,0.0,0.0,0.0,0.0,0.0,0.0,0.0,0.0
Envir. & Housing Spending,2001.0,MA: Boston,1198.0,1382.0,0.0,0.0,0.0,1.0,0.0,0.0,0.0,0.0,0.0,0.0,0.0,0.0,0.0,0.0,0.0,1581.9875595910335
Envir. & Housing Spending,2002.0,MA: Boston,1173.0,1198.0,1382.0,0.0,0.0,1.0,0.0,0.0,0.0,0.0,0.0,0.0,0.0,0.0,0.0,0.0,0.0,1290.5992151179032
Envir. & Housing Spending,2003.0,MA: Boston,1299.0,1173.0,1198.0,0.0,0.0,1.0,0.0,0.0,0.0,0.0,0.0,0.0,0.0,0.0,0.0,0.0,0.0,1294.960513297579
Envir. & Housing Spending,2004.0,MA: Boston,1481.0,1299.0,1173.0,0.0,0.0,1.0,0.0,0.0,0.0,0.0,0.0,0.0,0.0,0.0,0.0,0.0,0.0,1385.3970710234803
Envir. & Housing Spending,2005.0,MA: Boston,1239.0,1481.0,1299.0,0.0,0.0,1.0,0.0,0.0,0.0,0.0,0.0,0.0,0.0,0.0,0.0,0.0,0.0,1305.2762524649497
Envir. & Housing Spending,2006.0,MA: Boston,1396.0,1239.0,1481.0,0.0,0.0,1.0,0.0,0.0,0.0,0.0,0.0,0.0,0.0,0.0,0.0,0.0,0.0,1357.611808400873
Envir. & Housing Spending,2007.0,MA: Boston,1328.0,1396.0,1239.0,0.0,0.0,1.0,0.0,0.0,0.0,0.0,0.0,0.0,0.0,0.0,0.0,0.0,0.0,1312.7513070308814
Envir. & Housing Spending,2008.0,MA: Boston,1306.0,1328.0,1396.0,0.0,0.0,1.0,0.0,0.0,0.0,0.0,0.0,0.0,0.0,0.0,0.0,0.0,0.0,1318.3686487210377
Envir. & Housing Spending,2009.0,MA: Boston,1251.0,1306.0,1328.0,0.0,0.0,1.0,0.0,0.0,0.0,0.0,0.0,0.0,0.0,0.0,0.0,0.0,0.0,1280.8353017883053
Envir. & Housing Spending,2010.0,MA: Boston,1313.0,1251.0,1306.0,0.0,0.0,1.0,0.0,0.0,0.0,0.0,0.0,0.0,0.0,0.0,0.0,0.0,0.0,1275.4330728019809
Envir. & Housing Spending,2011.0,MA: Boston,1257.0,1313.0,1251.0,0.0,0.0,1.0,0.0,0.0,0.0,0.0,0.0,0.0,0.0,0.0,0.0,0.0,0.0,1275.4330728019809
Envir. & Housing Spending,2012.0,MA: Boston,1354.0,1257.0,1313.0,0.0,0.0,1.0,0.0,0.0,0.0,0.0,0.0,0.0,0.0,0.0,0.0,0.0,0.0,1285.8488088868398
Envir. & Housing Spending,2013.0,MA: Boston,1228.0,1354.0,1257.0,0.0,0.0,1.0,0.0,0.0,0.0,0.0,0.0,0.0,0.0,0.0,0.0,0.0,0.0,1285.8488088868398
Envir. & Housing Spending,2014.0,MA: Boston,1166.0,1228.0,1354.0,0.0,0.0,1.0,0.0,0.0,0.0,0.0,0.0,0.0,0.0,0.0,0.0,0.0,0.0,1242.5357955954807
Envir. & Housing Spending,2015.0,MA: Boston,1104.0,1166.0,1228.0,0.0,0.0,1.0,0.0,0.0,0.0,0.0,0.0,0.0,0.0,0.0,0.0,0.0,0.0,1155.5466352212184
Envir. & Housing Spending,2016.0,MA: Boston,1150.0,1104.0,1166.0,0.0,0.0,1.0,0.0,0.0,0.0,0.0,0.0,0.0,0.0,0.0,0.0,0.0,0.0,1057.7252159522657
Envir. & Housing Spending,2017.0,MA: Boston,1135.0,1150.0,1104.0,0.0,0.0,1.0,0.0,0.0,0.0,0.0,0.0,0.0,0.0,0.0,0.0,0.0,0.0,1139.5667726237048
Envir. & Housing Spending,2018.0,MA: Boston,1087.0,1135.0,1150.0,0.0,0.0,1.0,0.0,0.0,0.0,0.0,0.0,0.0,0.0,0.0,0.0,0.0,0.0,1100.569377629844
Envir. & Housing Spending,2019.0,MA: Boston,1162.0,1087.0,1135.0,0.0,0.0,1.0,0.0,0.0,0.0,0.0,0.0,0.0,0.0,0.0,0.0,0.0,0.0,1075.0385661316154
Envir. & Housing Spending,2020.0,MA: Boston,1230.0,1162.0,1087.0,0.0,0.0,1.0,0.0,0.0,0.0,0.0,0.0,0.0,0.0,0.0,0.0,0.0,0.0,1200.8948383379966
Envir. & Housing Spending,2021.0,MA: Boston,1358.0,1230.0,1162.0,0.0,0.0,1.0,0.0,0.0,0.0,0.0,0.0,0.0,0.0,0.0,0.0,0.0,0.0,1331.197012003618
Envir. & Housing Spending,2022.0,MA: Boston,,1358.0,1230.0,0.0,0.0,1.0,0.0,0.0,0.0,0.0,0.0,0.0,0.0,0.0,0.0,0.0,0.0,1321.218372133786
Envir. & Housing Spending,2023.0,MA: Boston,,1321.218372133786,1358.0,0.0,0.0,1.0,0.0,0.0,0.0,0.0,0.0,0.0,0.0,0.0,0.0,0.0,0.0,1321.218372133786
Envir. & Housing Spending,2024.0,MA: Boston,,1321.218372133786,1321.218372133786,0.0,0.0,1.0,0.0,0.0,0.0,0.0,0.0,0.0,0.0,0.0,0.0,0.0,0.0,1321.218372133786
Envir. & Housing Spending,2025.0,MA: Boston,,1321.218372133786,1321.218372133786,0.0,0.0,1.0,0.0,0.0,0.0,0.0,0.0,0.0,0.0,0.0,0.0,0.0,0.0,1321.218372133786
Gas Utility Spending,2000.0,MA: Boston,0.0,0.0,0.0,0.0,0.0,0.0,1.0,0.0,0.0,0.0,0.0,0.0,0.0,0.0,0.0,0.0,0.0,0.0
Gas Utility Spending,2001.0,MA: Boston,0.0,0.0,0.0,0.0,0.0,0.0,1.0,0.0,0.0,0.0,0.0,0.0,0.0,0.0,0.0,0.0,0.0,0.0
Gas Utility Spending,2002.0,MA: Boston,0.0,0.0,0.0,0.0,0.0,0.0,1.0,0.0,0.0,0.0,0.0,0.0,0.0,0.0,0.0,0.0,0.0,0.0
Gas Utility Spending,2003.0,MA: Boston,0.0,0.0,0.0,0.0,0.0,0.0,1.0,0.0,0.0,0.0,0.0,0.0,0.0,0.0,0.0,0.0,0.0,0.0
Gas Utility Spending,2004.0,MA: Boston,0.0,0.0,0.0,0.0,0.0,0.0,1.0,0.0,0.0,0.0,0.0,0.0,0.0,0.0,0.0,0.0,0.0,0.0
Gas Utility Spending,2005.0,MA: Boston,0.0,0.0,0.0,0.0,0.0,0.0,1.0,0.0,0.0,0.0,0.0,0.0,0.0,0.0,0.0,0.0,0.0,0.0
Gas Utility Spending,2006.0,MA: Boston,0.0,0.0,0.0,0.0,0.0,0.0,1.0,0.0,0.0,0.0,0.0,0.0,0.0,0.0,0.0,0.0,0.0,0.0
Gas Utility Spending,2007.0,MA: Boston,0.0,0.0,0.0,0.0,0.0,0.0,1.0,0.0,0.0,0.0,0.0,0.0,0.0,0.0,0.0,0.0,0.0,0.0
Gas Utility Spending,2008.0,MA: Boston,0.0,0.0,0.0,0.0,0.0,0.0,1.0,0.0,0.0,0.0,0.0,0.0,0.0,0.0,0.0,0.0,0.0,0.0
Gas Utility Spending,2009.0,MA: Boston,0.0,0.0,0.0,0.0,0.0,0.0,1.0,0.0,0.0,0.0,0.0,0.0,0.0,0.0,0.0,0.0,0.0,0.0
Gas Utility Spending,2010.0,MA: Boston,0.0,0.0,0.0,0.0,0.0,0.0,1.0,0.0,0.0,0.0,0.0,0.0,0.0,0.0,0.0,0.0,0.0,0.0
Gas Utility Spending,2011.0,MA: Boston,0.0,0.0,0.0,0.0,0.0,0.0,1.0,0.0,0.0,0.0,0.0,0.0,0.0,0.0,0.0,0.0,0.0,0.0
Gas Utility Spending,2012.0,MA: Boston,0.0,0.0,0.0,0.0,0.0,0.0,1.0,0.0,0.0,0.0,0.0,0.0,0.0,0.0,0.0,0.0,0.0,0.0
Gas Utility Spending,2013.0,MA: Boston,0.0,0.0,0.0,0.0,0.0,0.0,1.0,0.0,0.0,0.0,0.0,0.0,0.0,0.0,0.0,0.0,0.0,0.0
Gas Utility Spending,2014.0,MA: Boston,0.0,0.0,0.0,0.0,0.0,0.0,1.0,0.0,0.0,0.0,0.0,0.0,0.0,0.0,0.0,0.0,0.0,0.0
Gas Utility Spending,2015.0,MA: Boston,0.0,0.0,0.0,0.0,0.0,0.0,1.0,0.0,0.0,0.0,0.0,0.0,0.0,0.0,0.0,0.0,0.0,0.0
Gas Utility Spending,2016.0,MA: Boston,0.0,0.0,0.0,0.0,0.0,0.0,1.0,0.0,0.0,0.0,0.0,0.0,0.0,0.0,0.0,0.0,0.0,0.0
Gas Utility Spending,2017.0,MA: Boston,0.0,0.0,0.0,0.0,0.0,0.0,1.0,0.0,0.0,0.0,0.0,0.0,0.0,0.0,0.0,0.0,0.0,0.0
Gas Utility Spending,2018.0,MA: Boston,0.0,0.0,0.0,0.0,0.0,0.0,1.0,0.0,0.0,0.0,0.0,0.0,0.0,0.0,0.0,0.0,0.0,0.0
Gas Utility Spending,2019.0,MA: Boston,0.0,0.0,0.0,0.0,0.0,0.0,1.0,0.0,0.0,0.0,0.0,0.0,0.0,0.0,0.0,0.0,0.0,0.0
Gas Utility Spending,2020.0,MA: Boston,0.0,0.0,0.0,0.0,0.0,0.0,1.0,0.0,0.0,0.0,0.0,0.0,0.0,0.0,0.0,0.0,0.0,0.0
Gas Utility Spending,2021.0,MA: Boston,0.0,0.0,0.0,0.0,0.0,0.0,1.0,0.0,0.0,0.0,0.0,0.0,0.0,0.0,0.0,0.0,0.0,0.0
Gas Utility Spending,2022.0,MA: Boston,,0.0,0.0,0.0,0.0,0.0,1.0,0.0,0.0,0.0,0.0,0.0,0.0,0.0,0.0,0.0,0.0,0.0
Gas Utility Spending,2023.0,MA: Boston,,4.536994270782662,0.0,0.0,0.0,0.0,1.0,0.0,0.0,0.0,0.0,0.0,0.0,0.0,0.0,0.0,0.0,4.536994270782662
Gas Utility Spending,2024.0,MA: Boston,,4.536994270782662,4.536994270782662,0.0,0.0,0.0,1.0,0.0,0.0,0.0,0.0,0.0,0.0,0.0,0.0,0.0,0.0,4.536994270782662
Gas Utility Spending,2025.0,MA: Boston,,4.536994270782662,4.536994270782662,0.0,0.0,0.0,1.0,0.0,0.0,0.0,0.0,0.0,0.0,0.0,0.0,0.0,0.0,4.536994270782662
General Expenditures,2000.0,MA: Boston,6265.0,0.0,0.0,0.0,0.0,0.0,0.0,1.0,0.0,0.0,0.0,0.0,0.0,0.0,0.0,0.0,0.0,0.0
General Expenditures,2001.0,MA: Boston,6017.0,6265.0,0.0,0.0,0.0,0.0,0.0,1.0,0.0,0.0,0.0,0.0,0.0,0.0,0.0,0.0,0.0,6078.695527163791
General Expenditures,2002.0,MA: Boston,6251.0,6017.0,6265.0,0.0,0.0,0.0,0.0,1.0,0.0,0.0,0.0,0.0,0.0,0.0,0.0,0.0,0.0,6288.114811845734
General Expenditures,2003.0,MA: Boston,6503.0,6251.0,6017.0,0.0,0.0,0.0,0.0,1.0,0.0,0.0,0.0,0.0,0.0,0.0,0.0,0.0,0.0,6395.030701597372
General Expenditures,2004.0,MA: Boston,6366.0,6503.0,6251.0,0.0,0.0,0.0,0.0,1.0,0.0,0.0,0.0,0.0,0.0,0.0,0.0,0.0,0.0,6504.675118317304
General Expenditures,2005.0,MA: Boston,6200.0,6366.0,6503.0,0.0,0.0,0.0,0.0,1.0,0.0,0.0,0.0,0.0,0.0,0.0,0.0,0.0,0.0,6457.003294303599
General Expenditures,2006.0,MA: Boston,6458.0,6200.0,6366.0,0.0,0.0,0.0,0.0,1.0,0.0,0.0,0.0,0.0,0.0,0.0,0.0,0.0,0.0,6367.059193376235
General Expenditures,2007.0,MA: Boston,6425.0,6458.0,6200.0,0.0,0.0,0.0,0.0,1.0,0.0,0.0,0.0,0.0,0.0,0.0,0.0,0.0,0.0,6504.675118317304
General Expenditures,2008.0,MA: Boston,6601.0,6425.0,6458.0,0.0,0.0,0.0,0.0,1.0,0.0,0.0,0.0,0.0,0.0,0.0,0.0,0.0,0.0,6509.922630099496
General Expenditures,2009.0,MA: Boston,6508.0,6601.0,6425.0,0.0,0.0,0.0,0.0,1.0,0.0,0.0,0.0,0.0,0.0,0.0,0.0,0.0,0.0,6524.3152637648145
General Expenditures,2010.0,MA: Boston,6248.0,6508.0,6601.0,0.0,0.0,0.0,0.0,1.0,0.0,0.0,0.0,0.0,0.0,0.0,0.0,0.0,0.0,6276.281826108337
General Expenditures,2011.0,MA: Boston,6050.0,6248.0,6508.0,0.0,0.0,0.0,0.0,1.0,0.0,0.0,0.0,0.0,0.0,0.0,0.0,0.0,0.0,6122.133439738568
General Expenditures,2012.0,MA: Boston,6158.0,6050.0,6248.0,0.0,0.0,0.0,0.0,1.0,0.0,0.0,0.0,0.0,0.0,0.0,0.0,0.0,0.0,6173.960551379542
General Expenditures,2013.0,MA: Boston,5996.0,6158.0,6050.0,0.0,0.0,0.0,0.0,1.0,0.0,0.0,0.0,0.0,0.0,0.0,0.0,0.0,0.0,6220.720648385729
General Expenditures,2014.0,MA: Boston,6086.0,5996.0,6158.0,0.0,0.0,0.0,0.0,1.0,0.0,0.0,0.0,0.0,0.0,0.0,0.0,0.0,0.0,6101.144857727303
General Expenditures,2015.0,MA: Boston,6142.0,6086.0,5996.0,0.0,0.0,0.0,0.0,1.0,0.0,0.0,0.0,0.0,0.0,0.0,0.0,0.0,0.0,6143.67901374257
General Expenditures,2016.0,MA: Boston,6082.0,6142.0,6086.0,0.0,0.0,0.0,0.0,1.0,0.0,0.0,0.0,0.0,0.0,0.0,0.0,0.0,0.0,6243.290774080661
General Expenditures,2017.0,MA: Boston,6186.0,6082.0,6142.0,0.0,0.0,0.0,0.0,1.0,0.0,0.0,0.0,0.0,0.0,0.0,0.0,0.0,0.0,6196.530677074475
General Expenditures,2018.0,MA: Boston,6271.0,6186.0,6082.0,0.0,0.0,0.0,0.0,1.0,0.0,0.0,0.0,0.0,0.0,0.0,0.0,0.0,0.0,6257.653546696806
General Expenditures,2019.0,MA: Boston,6428.0,6271.0,6186.0,0.0,0.0,0.0,0.0,1.0,0.0,0.0,0.0,0.0,0.0,0.0,0.0,0.0,0.0,6398.987854162443
General Expenditures,2020.0,MA: Boston,6765.0,6428.0,6271.0,0.0,0.0,0.0,0.0,1.0,0.0,0.0,0.0,0.0,0.0,0.0,0.0,0.0,0.0,6497.140992163767
General Expenditures,2021.0,MA: Boston,6970.0,6765.0,6428.0,0.0,0.0,0.0,0.0,1.0,0.0,0.0,0.0,0.0,0.0,0.0,0.0,0.0,0.0,6902.782871958975
General Expenditures,2022.0,MA: Boston,,6970.0,6765.0,0.0,0.0,0.0,0.0,1.0,0.0,0.0,0.0,0.0,0.0,0.0,0.0,0.0,0.0,7239.367553218665
General Expenditures,2023.0,MA: Boston,,7239.367553218665,6970.0,0.0,0.0,0.0,0.0,1.0,0.0,0.0,0.0,0.0,0.0,0.0,0.0,0.0,0.0,7302.021504951746
General Expenditures,2024.0,MA: Boston,,7302.021504951746,7239.367553218665,0.0,0.0,0.0,0.0,1.0,0.0,0.0,0.0,0.0,0.0,0.0,0.0,0.0,0.0,7302.021504951746
General Expenditures,2025.0,MA: Boston,,7302.021504951746,7302.021504951746,0.0,0.0,0.0,0.0,1.0,0.0,0.0,0.0,0.0,0.0,0.0,0.0,0.0,0.0,7302.021504951746
Govt. Admin. Spending,2000.0,MA: Boston,224.0,0.0,0.0,0.0,0.0,0.0,0.0,0.0,1.0,0.0,0.0,0.0,0.0,0.0,0.0,0.0,0.0,0.0
Govt. Admin. Spending,2001.0,MA: Boston,217.0,224.0,0.0,0.0,0.0,0.0,0.0,0.0,1.0,0.0,0.0,0.0,0.0,0.0,0.0,0.0,0.0,214.5512242026233
Govt. Admin. Spending,2002.0,MA: Boston,196.0,217.0,224.0,0.0,0.0,0.0,0.0,0.0,1.0,0.0,0.0,0.0,0.0,0.0,0.0,0.0,0.0,236.26536160816852
Govt. Admin. Spending,2003.0,MA: Boston,299.0,196.0,217.0,0.0,0.0,0.0,0.0,0.0,1.0,0.0,0.0,0.0,0.0,0.0,0.0,0.0,0.0,209.01886604260847
Govt. Admin. Spending,2004.0,MA: Boston,251.0,299.0,196.0,0.0,0.0,0.0,0.0,0.0,1.0,0.0,0.0,0.0,0.0,0.0,0.0,0.0,0.0,262.8089293264781
Govt. Admin. Spending,2005.0,MA: Boston,288.0,251.0,299.0,0.0,0.0,0.0,0.0,0.0,1.0,0.0,0.0,0.0,0.0,0.0,0.0,0.0,0.0,268.05808083807193
Govt. Admin. Spending,2006.0,MA: Boston,235.0,288.0,251.0,0.0,0.0,0.0,0.0,0.0,1.0,0.0,0.0,0.0,0.0,0.0,0.0,0.0,0.0,268.05808083807193
Govt. Admin. Spending,2007.0,MA: Boston,242.0,235.0,288.0,0.0,0.0,0.0,0.0,0.0,1.0,0.0,0.0,0.0,0.0,0.0,0.0,0.0,0.0,246.82293431657308
Govt. Admin. Spending,2008.0,MA: Boston,277.0,242.0,235.0,0.0,0.0,0.0,0.0,0.0,1.0,0.0,0.0,0.0,0.0,0.0,0.0,0.0,0.0,261.78952230814474
Govt. Admin. Spending,2009.0,MA: Boston,307.0,277.0,242.0,0.0,0.0,0.0,0.0,0.0,1.0,0.0,0.0,0.0,0.0,0.0,0.0,0.0,0.0,242.053972831817
Govt. Admin. Spending,2010.0,MA: Boston,275.0,307.0,277.0,0.0,0.0,0.0,0.0,0.0,1.0,0.0,0.0,0.0,0.0,0.0,0.0,0.0,0.0,247.7076088640311
Govt. Admin. Spending,2011.0,MA: Boston,258.0,275.0,307.0,0.0,0.0,0.0,0.0,0.0,1.0,0.0,0.0,0.0,0.0,0.0,0.0,0.0,0.0,242.3991876672205
Govt. Admin. Spending,2012.0,MA: Boston,231.0,258.0,275.0,0.0,0.0,0.0,0.0,0.0,1.0,0.0,0.0,0.0,0.0,0.0,0.0,0.0,0.0,252.81492375207935
Govt. Admin. Spending,2013.0,MA: Boston,294.0,231.0,258.0,0.0,0.0,0.0,0.0,0.0,1.0,0.0,0.0,0.0,0.0,0.0,0.0,0.0,0.0,231.57977723058033
Govt. Admin. Spending,2014.0,MA: Boston,323.0,294.0,231.0,0.0,0.0,0.0,0.0,0.0,1.0,0.0,0.0,0.0,0.0,0.0,0.0,0.0,0.0,254.10055653796394
Govt. Admin. Spending,2015.0,MA: Boston,212.0,323.0,294.0,0.0,0.0,0.0,0.0,0.0,1.0,0.0,0.0,0.0,0.0,0.0,0.0,0.0,0.0,258.1233449488899
Govt. Admin. Spending,2016.0,MA: Boston,183.0,212.0,323.0,0.0,0.0,0.0,0.0,0.0,1.0,0.0,0.0,0.0,0.0,0.0,0.0,0.0,0.0,231.57977723058033
Govt. Admin. Spending,2017.0,MA: Boston,183.0,183.0,212.0,0.0,0.0,0.0,0.0,0.0,1.0,0.0,0.0,0.0,0.0,0.0,0.0,0.0,0.0,178.85476221890596
Govt. Admin. Spending,2018.0,MA: Boston,187.0,183.0,183.0,0.0,0.0,0.0,0.0,0.0,1.0,0.0,0.0,0.0,0.0,0.0,0.0,0.0,0.0,178.3651041006368
Govt. Admin. Spending,2019.0,MA: Boston,221.0,187.0,183.0,0.0,0.0,0.0,0.0,0.0,1.0,0.0,0.0,0.0,0.0,0.0,0.0,0.0,0.0,199.31098788943785
Govt. Admin. Spending,2020.0,MA: Boston,234.0,221.0,187.0,0.0,0.0,0.0,0.0,0.0,1.0,0.0,0.0,0.0,0.0,0.0,0.0,0.0,0.0,226.20781606978258
Govt. Admin. Spending,2021.0,MA: Boston,206.0,234.0,221.0,0.0,0.0,0.0,0.0,0.0,1.0,0.0,0.0,0.0,0.0,0.0,0.0,0.0,0.0,223.55982108495465
Govt. Admin. Spending,2022.0,MA: Boston,,206.0,234.0,0.0,0.0,0.0,0.0,0.0,1.0,0.0,0.0,0.0,0.0,0.0,0.0,0.0,0.0,228.783615866555
Govt. Admin. Spending,2023.0,MA: Boston,,228.783615866555,206.0,0.0,0.0,0.0,0.0,0.0,1.0,0.0,0.0,0.0,0.0,0.0,0.0,0.0,0.0,223.55982108495465
Govt. Admin. Spending,2024.0,MA: Boston,,223.55982108495465,228.783615866555,0.0,0.0,0.0,0.0,0.0,1.0,0.0,0.0,0.0,0.0,0.0,0.0,0.0,0.0,228.783615866555
Govt. Admin. Spending,2025.0,MA: Boston,,228.783615866555,223.55982108495465,0.0,0.0,0.0,0.0,0.0,1.0,0.0,0.0,0.0,0.0,0.0,0.0,0.0,0.0,223.55982108495465
Health & Welfare Spending,2000.0,MA: Boston,188.0,0.0,0.0,0.0,0.0,0.0,0.0,0.0,0.0,1.0,0.0,0.0,0.0,0.0,0.0,0.0,0.0,0.0
Health & Welfare Spending,2001.0,MA: Boston,198.0,188.0,0.0,0.0,0.0,0.0,0.0,0.0,0.0,1.0,0.0,0.0,0.0,0.0,0.0,0.0,0.0,193.55092839186284
Health & Welfare Spending,2002.0,MA: Boston,478.0,198.0,188.0,0.0,0.0,0.0,0.0,0.0,0.0,1.0,0.0,0.0,0.0,0.0,0.0,0.0,0.0,254.48321374194742
Health & Welfare Spending,2003.0,MA: Boston,464.0,478.0,198.0,0.0,0.0,0.0,0.0,0.0,0.0,1.0,0.0,0.0,0.0,0.0,0.0,0.0,0.0,465.9294467690848
Health & Welfare Spending,2004.0,MA: Boston,436.0,464.0,478.0,0.0,0.0,0.0,0.0,0.0,0.0,1.0,0.0,0.0,0.0,0.0,0.0,0.0,0.0,469.24083284500443
Health & Welfare Spending,2005.0,MA: Boston,426.0,436.0,464.0,0.0,0.0,0.0,0.0,0.0,0.0,1.0,0.0,0.0,0.0,0.0,0.0,0.0,0.0,469.24083284500443
Health & Welfare Spending,2006.0,MA: Boston,430.0,426.0,436.0,0.0,0.0,0.0,0.0,0.0,0.0,1.0,0.0,0.0,0.0,0.0,0.0,0.0,0.0,467.5161774342023
Health & Welfare Spending,2007.0,MA: Boston,387.0,430.0,426.0,0.0,0.0,0.0,0.0,0.0,0.0,1.0,0.0,0.0,0.0,0.0,0.0,0.0,0.0,467.5161774342023
Health & Welfare Spending,2008.0,MA: Boston,434.0,387.0,430.0,0.0,0.0,0.0,0.0,0.0,0.0,1.0,0.0,0.0,0.0,0.0,0.0,0.0,0.0,405.82872821921575
Health & Welfare Spending,2009.0,MA: Boston,419.0,434.0,387.0,0.0,0.0,0.0,0.0,0.0,0.0,1.0,0.0,0.0,0.0,0.0,0.0,0.0,0.0,438.8177608992617
Health & Welfare Spending,2010.0,MA: Boston,412.0,419.0,434.0,0.0,0.0,0.0,0.0,0.0,0.0,1.0,0.0,0.0,0.0,0.0,0.0,0.0,0.0,438.33546980547544
Health & Welfare Spending,2011.0,MA: Boston,532.0,412.0,419.0,0.0,0.0,0.0,0.0,0.0,0.0,1.0,0.0,0.0,0.0,0.0,0.0,0.0,0.0,438.33546980547544
Health & Welfare Spending,2012.0,MA: Boston,527.0,532.0,412.0,0.0,0.0,0.0,0.0,0.0,0.0,1.0,0.0,0.0,0.0,0.0,0.0,0.0,0.0,460.9173304153574
Health & Welfare Spending,2013.0,MA: Boston,480.0,527.0,532.0,0.0,0.0,0.0,0.0,0.0,0.0,1.0,0.0,0.0,0.0,0.0,0.0,0.0,0.0,460.9173304153574
Health & Welfare Spending,2014.0,MA: Boston,447.0,480.0,527.0,0.0,0.0,0.0,0.0,0.0,0.0,1.0,0.0,0.0,0.0,0.0,0.0,0.0,0.0,460.9173304153574
Health & Welfare Spending,2015.0,MA: Boston,480.0,447.0,480.0,0.0,0.0,0.0,0.0,0.0,0.0,1.0,0.0,0.0,0.0,0.0,0.0,0.0,0.0,448.7512058903343
Health & Welfare Spending,2016.0,MA: Boston,484.0,480.0,447.0,0.0,0.0,0.0,0.0,0.0,0.0,1.0,0.0,0.0,0.0,0.0,0.0,0.0,0.0,460.9173304153574
Health & Welfare Spending,2017.0,MA: Boston,467.0,484.0,480.0,0.0,0.0,0.0,0.0,0.0,0.0,1.0,0.0,0.0,0.0,0.0,0.0,0.0,0.0,460.9173304153574
Health & Welfare Spending,2018.0,MA: Boston,431.0,467.0,484.0,0.0,0.0,0.0,0.0,0.0,0.0,1.0,0.0,0.0,0.0,0.0,0.0,0.0,0.0,453.9837127863565
Health & Welfare Spending,2019.0,MA: Boston,448.0,431.0,467.0,0.0,0.0,0.0,0.0,0.0,0.0,1.0,0.0,0.0,0.0,0.0,0.0,0.0,0.0,458.36784989902895
Health & Welfare Spending,2020.0,MA: Boston,428.0,448.0,431.0,0.0,0.0,0.0,0.0,0.0,0.0,1.0,0.0,0.0,0.0,0.0,0.0,0.0,0.0,448.5442733877661
Health & Welfare Spending,2021.0,MA: Boston,519.0,428.0,448.0,0.0,0.0,0.0,0.0,0.0,0.0,1.0,0.0,0.0,0.0,0.0,0.0,0.0,0.0,462.5760311874947
Health & Welfare Spending,2022.0,MA: Boston,,519.0,428.0,0.0,0.0,0.0,0.0,0.0,0.0,1.0,0.0,0.0,0.0,0.0,0.0,0.0,0.0,460.71039791278923
Health & Welfare Spending,2023.0,MA: Boston,,460.71039791278923,519.0,0.0,0.0,0.0,0.0,0.0,0.0,1.0,0.0,0.0,0.0,0.0,0.0,0.0,0.0,458.19189407482224
Health & Welfare Spending,2024.0,MA: Boston,,458.19189407482224,460.71039791278923,0.0,0.0,0.0,0.0,0.0,0.0,1.0,0.0,0.0,0.0,0.0,0.0,0.0,0.0,458.19189407482224
Health & Welfare Spending,2025.0,MA: Boston,,458.19189407482224,458.19189407482224,0.0,0.0,0.0,0.0,0.0,0.0,1.0,0.0,0.0,0.0,0.0,0.0,0.0,0.0,458.19189407482224
Interest on General Debt,2000.0,MA: Boston,152.0,0.0,0.0,0.0,0.0,0.0,0.0,0.0,0.0,0.0,1.0,0.0,0.0,0.0,0.0,0.0,0.0,0.0
Interest on General Debt,2001.0,MA: Boston,162.0,152.0,0.0,0.0,0.0,0.0,0.0,0.0,0.0,0.0,1.0,0.0,0.0,0.0,0.0,0.0,0.0,124.57658336234242
Interest on General Debt,2002.0,MA: Boston,197.0,162.0,152.0,0.0,0.0,0.0,0.0,0.0,0.0,0.0,1.0,0.0,0.0,0.0,0.0,0.0,0.0,180.47816719206529
Interest on General Debt,2003.0,MA: Boston,183.0,197.0,162.0,0.0,0.0,0.0,0.0,0.0,0.0,0.0,1.0,0.0,0.0,0.0,0.0,0.0,0.0,201.42405098086633
Interest on General Debt,2004.0,MA: Boston,143.0,183.0,197.0,0.0,0.0,0.0,0.0,0.0,0.0,0.0,1.0,0.0,0.0,0.0,0.0,0.0,0.0,182.27854134403984
Interest on General Debt,2005.0,MA: Boston,132.0,143.0,183.0,0.0,0.0,0.0,0.0,0.0,0.0,0.0,1.0,0.0,0.0,0.0,0.0,0.0,0.0,130.14151264134003
Interest on General Debt,2006.0,MA: Boston,133.0,132.0,143.0,0.0,0.0,0.0,0.0,0.0,0.0,0.0,1.0,0.0,0.0,0.0,0.0,0.0,0.0,128.3411384893655
Interest on General Debt,2007.0,MA: Boston,122.0,133.0,132.0,0.0,0.0,0.0,0.0,0.0,0.0,0.0,1.0,0.0,0.0,0.0,0.0,0.0,0.0,128.3411384893655
Interest on General Debt,2008.0,MA: Boston,125.0,122.0,133.0,0.0,0.0,0.0,0.0,0.0,0.0,0.0,1.0,0.0,0.0,0.0,0.0,0.0,0.0,128.3411384893655
Interest on General Debt,2009.0,MA: Boston,126.0,125.0,122.0,0.0,0.0,0.0,0.0,0.0,0.0,0.0,1.0,0.0,0.0,0.0,0.0,0.0,0.0,118.17919685489514
Interest on General Debt,2010.0,MA: Boston,121.0,126.0,125.0,0.0,0.0,0.0,0.0,0.0,0.0,0.0,1.0,0.0,0.0,0.0,0.0,0.0,0.0,114.50162327937281
Interest on General Debt,2011.0,MA: Boston,119.0,121.0,126.0,0.0,0.0,0.0,0.0,0.0,0.0,0.0,1.0,0.0,0.0,0.0,0.0,0.0,0.0,114.50162327937281
Interest on General Debt,2012.0,MA: Boston,110.0,119.0,121.0,0.0,0.0,0.0,0.0,0.0,0.0,0.0,1.0,0.0,0.0,0.0,0.0,0.0,0.0,124.91735936423164
Interest on General Debt,2013.0,MA: Boston,112.0,110.0,119.0,0.0,0.0,0.0,0.0,0.0,0.0,0.0,1.0,0.0,0.0,0.0,0.0,0.0,0.0,124.91735936423164
Interest on General Debt,2014.0,MA: Boston,122.0,112.0,110.0,0.0,0.0,0.0,0.0,0.0,0.0,0.0,1.0,0.0,0.0,0.0,0.0,0.0,0.0,114.66926783964901
Interest on General Debt,2015.0,MA: Boston,131.0,122.0,112.0,0.0,0.0,0.0,0.0,0.0,0.0,0.0,1.0,0.0,0.0,0.0,0.0,0.0,0.0,124.91735936423164
Interest on General Debt,2016.0,MA: Boston,129.0,131.0,122.0,0.0,0.0,0.0,0.0,0.0,0.0,0.0,1.0,0.0,0.0,0.0,0.0,0.0,0.0,124.91735936423164
Interest on General Debt,2017.0,MA: Boston,126.0,129.0,131.0,0.0,0.0,0.0,0.0,0.0,0.0,0.0,1.0,0.0,0.0,0.0,0.0,0.0,0.0,124.91735936423164
Interest on General Debt,2018.0,MA: Boston,124.0,126.0,129.0,0.0,0.0,0.0,0.0,0.0,0.0,0.0,1.0,0.0,0.0,0.0,0.0,0.0,0.0,124.42770124596252
Interest on General Debt,2019.0,MA: Boston,125.0,124.0,126.0,0.0,0.0,0.0,0.0,0.0,0.0,0.0,1.0,0.0,0.0,0.0,0.0,0.0,0.0,124.42770124596252
Interest on General Debt,2020.0,MA: Boston,127.0,125.0,124.0,0.0,0.0,0.0,0.0,0.0,0.0,0.0,1.0,0.0,0.0,0.0,0.0,0.0,0.0,124.07803386074717
Interest on General Debt,2021.0,MA: Boston,110.0,127.0,125.0,0.0,0.0,0.0,0.0,0.0,0.0,0.0,1.0,0.0,0.0,0.0,0.0,0.0,0.0,124.07803386074717
Interest on General Debt,2022.0,MA: Boston,,110.0,127.0,0.0,0.0,0.0,0.0,0.0,0.0,0.0,1.0,0.0,0.0,0.0,0.0,0.0,0.0,124.07803386074717
Interest on General Debt,2023.0,MA: Boston,,124.07803386074717,110.0,0.0,0.0,0.0,0.0,0.0,0.0,0.0,1.0,0.0,0.0,0.0,0.0,0.0,0.0,113.82994233616454
Interest on General Debt,2024.0,MA: Boston,,113.82994233616454,124.07803386074717,0.0,0.0,0.0,0.0,0.0,0.0,0.0,1.0,0.0,0.0,0.0,0.0,0.0,0.0,124.07803386074717
Interest on General Debt,2025.0,MA: Boston,,124.07803386074717,113.82994233616454,0.0,0.0,0.0,0.0,0.0,0.0,0.0,1.0,0.0,0.0,0.0,0.0,0.0,0.0,124.07803386074717
Miscellaneous Spending,2000.0,MA: Boston,757.0,0.0,0.0,0.0,0.0,0.0,0.0,0.0,0.0,0.0,0.0,1.0,0.0,0.0,0.0,0.0,0.0,0.0
Miscellaneous Spending,2001.0,MA: Boston,606.0,757.0,0.0,0.0,0.0,0.0,0.0,0.0,0.0,0.0,0.0,1.0,0.0,0.0,0.0,0.0,0.0,642.9896088283643
Miscellaneous Spending,2002.0,MA: Boston,603.0,606.0,757.0,0.0,0.0,0.0,0.0,0.0,0.0,0.0,0.0,1.0,0.0,0.0,0.0,0.0,0.0,625.4333761629691
Miscellaneous Spending,2003.0,MA: Boston,676.0,603.0,606.0,0.0,0.0,0.0,0.0,0.0,0.0,0.0,0.0,1.0,0.0,0.0,0.0,0.0,0.0,602.5259451161523
Miscellaneous Spending,2004.0,MA: Boston,618.0,676.0,603.0,0.0,0.0,0.0,0.0,0.0,0.0,0.0,0.0,1.0,0.0,0.0,0.0,0.0,0.0,680.1812568348523
Miscellaneous Spending,2005.0,MA: Boston,583.0,618.0,676.0,0.0,0.0,0.0,0.0,0.0,0.0,0.0,0.0,1.0,0.0,0.0,0.0,0.0,0.0,625.4333761629691
Miscellaneous Spending,2006.0,MA: Boston,600.0,583.0,618.0,0.0,0.0,0.0,0.0,0.0,0.0,0.0,0.0,1.0,0.0,0.0,0.0,0.0,0.0,608.6606082549487
Miscellaneous Spending,2007.0,MA: Boston,658.0,600.0,583.0,0.0,0.0,0.0,0.0,0.0,0.0,0.0,0.0,1.0,0.0,0.0,0.0,0.0,0.0,608.6606082549487
Miscellaneous Spending,2008.0,MA: Boston,702.0,658.0,600.0,0.0,0.0,0.0,0.0,0.0,0.0,0.0,0.0,1.0,0.0,0.0,0.0,0.0,0.0,686.3159199736486
Miscellaneous Spending,2009.0,MA: Boston,677.0,702.0,658.0,0.0,0.0,0.0,0.0,0.0,0.0,0.0,0.0,1.0,0.0,0.0,0.0,0.0,0.0,666.0387523045723
Miscellaneous Spending,2010.0,MA: Boston,699.0,677.0,702.0,0.0,0.0,0.0,0.0,0.0,0.0,0.0,0.0,1.0,0.0,0.0,0.0,0.0,0.0,679.2849237426416
Miscellaneous Spending,2011.0,MA: Boston,700.0,699.0,677.0,0.0,0.0,0.0,0.0,0.0,0.0,0.0,0.0,1.0,0.0,0.0,0.0,0.0,0.0,679.2849237426416
Miscellaneous Spending,2012.0,MA: Boston,724.0,700.0,699.0,0.0,0.0,0.0,0.0,0.0,0.0,0.0,0.0,1.0,0.0,0.0,0.0,0.0,0.0,689.7006598275004
Miscellaneous Spending,2013.0,MA: Boston,670.0,724.0,700.0,0.0,0.0,0.0,0.0,0.0,0.0,0.0,0.0,1.0,0.0,0.0,0.0,0.0,0.0,689.7006598275004
Miscellaneous Spending,2014.0,MA: Boston,656.0,670.0,724.0,0.0,0.0,0.0,0.0,0.0,0.0,0.0,0.0,1.0,0.0,0.0,0.0,0.0,0.0,689.7006598275004
Miscellaneous Spending,2015.0,MA: Boston,673.0,656.0,670.0,0.0,0.0,0.0,0.0,0.0,0.0,0.0,0.0,1.0,0.0,0.0,0.0,0.0,0.0,689.7006598275004
Miscellaneous Spending,2016.0,MA: Boston,669.0,673.0,656.0,0.0,0.0,0.0,0.0,0.0,0.0,0.0,0.0,1.0,0.0,0.0,0.0,0.0,0.0,666.7932287806835
Miscellaneous Spending,2017.0,MA: Boston,739.0,669.0,673.0,0.0,0.0,0.0,0.0,0.0,0.0,0.0,0.0,1.0,0.0,0.0,0.0,0.0,0.0,696.4627934981148
Miscellaneous Spending,2018.0,MA: Boston,779.0,739.0,669.0,0.0,0.0,0.0,0.0,0.0,0.0,0.0,0.0,1.0,0.0,0.0,0.0,0.0,0.0,713.7761436774645
Miscellaneous Spending,2019.0,MA: Boston,819.0,779.0,739.0,0.0,0.0,0.0,0.0,0.0,0.0,0.0,0.0,1.0,0.0,0.0,0.0,0.0,0.0,713.7761436774645
Miscellaneous Spending,2020.0,MA: Boston,906.0,819.0,779.0,0.0,0.0,0.0,0.0,0.0,0.0,0.0,0.0,1.0,0.0,0.0,0.0,0.0,0.0,713.7761436774645
Miscellaneous Spending,2021.0,MA: Boston,922.0,906.0,819.0,0.0,0.0,0.0,0.0,0.0,0.0,0.0,0.0,1.0,0.0,0.0,0.0,0.0,0.0,970.5920976479376
Miscellaneous Spending,2022.0,MA: Boston,,922.0,906.0,0.0,0.0,0.0,0.0,0.0,0.0,0.0,0.0,1.0,0.0,0.0,0.0,0.0,0.0,970.5920976479376
Miscellaneous Spending,2023.0,MA: Boston,,970.5920976479376,922.0,0.0,0.0,0.0,0.0,0.0,0.0,0.0,0.0,1.0,0.0,0.0,0.0,0.0,0.0,970.5920976479376
Miscellaneous Spending,2024.0,MA: Boston,,970.5920976479376,970.5920976479376,0.0,0.0,0.0,0.0,0.0,0.0,0.0,0.0,1.0,0.0,0.0,0.0,0.0,0.0,970.5920976479376
Miscellaneous Spending,2025.0,MA: Boston,,970.5920976479376,970.5920976479376,0.0,0.0,0.0,0.0,0.0,0.0,0.0,0.0,1.0,0.0,0.0,0.0,0.0,0.0,970.5920976479376
Public Safety Spending,2000.0,MA: Boston,1209.0,0.0,0.0,0.0,0.0,0.0,0.0,0.0,0.0,0.0,0.0,0.0,1.0,0.0,0.0,0.0,0.0,0.0
Public Safety Spending,2001.0,MA: Boston,1213.0,1209.0,0.0,0.0,0.0,0.0,0.0,0.0,0.0,0.0,0.0,0.0,1.0,0.0,0.0,0.0,0.0,1198.6671979667049
Public Safety Spending,2002.0,MA: Boston,1303.0,1213.0,1209.0,0.0,0.0,0.0,0.0,0.0,0.0,0.0,0.0,0.0,1.0,0.0,0.0,0.0,0.0,1258.7662770200104
Public Safety Spending,2003.0,MA: Boston,1266.0,1303.0,1213.0,0.0,0.0,0.0,0.0,0.0,0.0,0.0,0.0,0.0,1.0,0.0,0.0,0.0,0.0,1290.9929139430023
Public Safety Spending,2004.0,MA: Boston,1205.0,1266.0,1303.0,0.0,0.0,0.0,0.0,0.0,0.0,0.0,0.0,0.0,1.0,0.0,0.0,0.0,0.0,1290.9929139430023
Public Safety Spending,2005.0,MA: Boston,1257.0,1205.0,1266.0,0.0,0.0,0.0,0.0,0.0,0.0,0.0,0.0,0.0,1.0,0.0,0.0,0.0,0.0,1258.7662770200104
Public Safety Spending,2006.0,MA: Boston,1282.0,1257.0,1205.0,0.0,0.0,0.0,0.0,0.0,0.0,0.0,0.0,0.0,1.0,0.0,0.0,0.0,0.0,1290.9929139430023
Public Safety Spending,2007.0,MA: Boston,1324.0,1282.0,1257.0,0.0,0.0,0.0,0.0,0.0,0.0,0.0,0.0,0.0,1.0,0.0,0.0,0.0,0.0,1290.9929139430023
Public Safety Spending,2008.0,MA: Boston,1322.0,1324.0,1282.0,0.0,0.0,0.0,0.0,0.0,0.0,0.0,0.0,0.0,1.0,0.0,0.0,0.0,0.0,1290.9929139430023
Public Safety Spending,2009.0,MA: Boston,1323.0,1322.0,1324.0,0.0,0.0,0.0,0.0,0.0,0.0,0.0,0.0,0.0,1.0,0.0,0.0,0.0,0.0,1274.7833448893493
Public Safety Spending,2010.0,MA: Boston,1105.0,1323.0,1322.0,0.0,0.0,0.0,0.0,0.0,0.0,0.0,0.0,0.0,1.0,0.0,0.0,0.0,0.0,1260.0875509034734
Public Safety Spending,2011.0,MA: Boston,977.0,1105.0,1323.0,0.0,0.0,0.0,0.0,0.0,0.0,0.0,0.0,0.0,1.0,0.0,0.0,0.0,0.0,1033.0716944674343
Public Safety Spending,2012.0,MA: Boston,971.0,977.0,1105.0,0.0,0.0,0.0,0.0,0.0,0.0,0.0,0.0,0.0,1.0,0.0,0.0,0.0,0.0,1025.364959712425
Public Safety Spending,2013.0,MA: Boston,953.0,971.0,977.0,0.0,0.0,0.0,0.0,0.0,0.0,0.0,0.0,0.0,1.0,0.0,0.0,0.0,0.0,942.7014055201964
Public Safety Spending,2014.0,MA: Boston,973.0,953.0,971.0,0.0,0.0,0.0,0.0,0.0,0.0,0.0,0.0,0.0,1.0,0.0,0.0,0.0,0.0,942.7014055201964
Public Safety Spending,2015.0,MA: Boston,1029.0,973.0,953.0,0.0,0.0,0.0,0.0,0.0,0.0,0.0,0.0,0.0,1.0,0.0,0.0,0.0,0.0,1025.364959712425
Public Safety Spending,2016.0,MA: Boston,1025.0,1029.0,973.0,0.0,0.0,0.0,0.0,0.0,0.0,0.0,0.0,0.0,1.0,0.0,0.0,0.0,0.0,1025.364959712425
Public Safety Spending,2017.0,MA: Boston,1000.0,1025.0,1029.0,0.0,0.0,0.0,0.0,0.0,0.0,0.0,0.0,0.0,1.0,0.0,0.0,0.0,0.0,1025.364959712425
Public Safety Spending,2018.0,MA: Boston,1044.0,1000.0,1025.0,0.0,0.0,0.0,0.0,0.0,0.0,0.0,0.0,0.0,1.0,0.0,0.0,0.0,0.0,1042.6783098917747
Public Safety Spending,2019.0,MA: Boston,1087.0,1044.0,1000.0,0.0,0.0,0.0,0.0,0.0,0.0,0.0,0.0,0.0,1.0,0.0,0.0,0.0,0.0,1060.800780731643
Public Safety Spending,2020.0,MA: Boston,1110.0,1087.0,1044.0,0.0,0.0,0.0,0.0,0.0,0.0,0.0,0.0,0.0,1.0,0.0,0.0,0.0,0.0,1065.0089620201088
Public Safety Spending,2021.0,MA: Boston,1054.0,1110.0,1087.0,0.0,0.0,0.0,0.0,0.0,0.0,0.0,0.0,0.0,1.0,0.0,0.0,0.0,0.0,1065.0089620201088
Public Safety Spending,2022.0,MA: Boston,,1054.0,1110.0,0.0,0.0,0.0,0.0,0.0,0.0,0.0,0.0,0.0,1.0,0.0,0.0,0.0,0.0,1065.0089620201088
Public Safety Spending,2023.0,MA: Boston,,1065.0089620201088,1054.0,0.0,0.0,0.0,0.0,0.0,0.0,0.0,0.0,0.0,1.0,0.0,0.0,0.0,0.0,1065.0089620201088
Public Safety Spending,2024.0,MA: Boston,,1065.0089620201088,1065.0089620201088,0.0,0.0,0.0,0.0,0.0,0.0,0.0,0.0,0.0,1.0,0.0,0.0,0.0,0.0,1065.0089620201088
Public Safety Spending,2025.0,MA: Boston,,1065.0089620201088,1065.0089620201088,0.0,0.0,0.0,0.0,0.0,0.0,0.0,0.0,0.0,1.0,0.0,0.0,0.0,0.0,1065.0089620201088
Total Expenditures,2000.0,MA: Boston,7494.0,0.0,0.0,0.0,0.0,0.0,0.0,0.0,0.0,0.0,0.0,0.0,0.0,1.0,0.0,0.0,0.0,0.0
Total Expenditures,2001.0,MA: Boston,7236.0,7494.0,0.0,0.0,0.0,0.0,0.0,0.0,0.0,0.0,0.0,0.0,0.0,1.0,0.0,0.0,0.0,7234.55581803297
Total Expenditures,2002.0,MA: Boston,7568.0,7236.0,7494.0,0.0,0.0,0.0,0.0,0.0,0.0,0.0,0.0,0.0,0.0,1.0,0.0,0.0,0.0,7516.821484271935
Total Expenditures,2003.0,MA: Boston,7798.0,7568.0,7236.0,0.0,0.0,0.0,0.0,0.0,0.0,0.0,0.0,0.0,0.0,1.0,0.0,0.0,0.0,7761.5862858820565
Total Expenditures,2004.0,MA: Boston,7743.0,7798.0,7568.0,0.0,0.0,0.0,0.0,0.0,0.0,0.0,0.0,0.0,0.0,1.0,0.0,0.0,0.0,7860.942797446999
Total Expenditures,2005.0,MA: Boston,7535.0,7743.0,7798.0,0.0,0.0,0.0,0.0,0.0,0.0,0.0,0.0,0.0,0.0,1.0,0.0,0.0,0.0,7624.970308640852
Total Expenditures,2006.0,MA: Boston,8040.0,7535.0,7743.0,0.0,0.0,0.0,0.0,0.0,0.0,0.0,0.0,0.0,0.0,1.0,0.0,0.0,0.0,7349.056009244353
Total Expenditures,2007.0,MA: Boston,7829.0,8040.0,7535.0,0.0,0.0,0.0,0.0,0.0,0.0,0.0,0.0,0.0,0.0,1.0,0.0,0.0,0.0,7838.860447240271
Total Expenditures,2008.0,MA: Boston,8017.0,7829.0,8040.0,0.0,0.0,0.0,0.0,0.0,0.0,0.0,0.0,0.0,0.0,1.0,0.0,0.0,0.0,7976.2398940792555
Total Expenditures,2009.0,MA: Boston,7839.0,8017.0,7829.0,0.0,0.0,0.0,0.0,0.0,0.0,0.0,0.0,0.0,0.0,1.0,0.0,0.0,0.0,7798.246546708786
Total Expenditures,2010.0,MA: Boston,7548.0,7839.0,8017.0,0.0,0.0,0.0,0.0,0.0,0.0,0.0,0.0,0.0,0.0,1.0,0.0,0.0,0.0,7656.510152060349
Total Expenditures,2011.0,MA: Boston,6751.0,7548.0,7839.0,0.0,0.0,0.0,0.0,0.0,0.0,0.0,0.0,0.0,0.0,1.0,0.0,0.0,0.0,6810.709746699285
Total Expenditures,2012.0,MA: Boston,6854.0,6751.0,7548.0,0.0,0.0,0.0,0.0,0.0,0.0,0.0,0.0,0.0,0.0,1.0,0.0,0.0,0.0,6837.745799054347
Total Expenditures,2013.0,MA: Boston,6695.0,6854.0,6751.0,0.0,0.0,0.0,0.0,0.0,0.0,0.0,0.0,0.0,0.0,1.0,0.0,0.0,0.0,6797.755280330032
Total Expenditures,2014.0,MA: Boston,6810.0,6695.0,6854.0,0.0,0.0,0.0,0.0,0.0,0.0,0.0,0.0,0.0,0.0,1.0,0.0,0.0,0.0,6820.325406024966
Total Expenditures,2015.0,MA: Boston,6876.0,6810.0,6695.0,0.0,0.0,0.0,0.0,0.0,0.0,0.0,0.0,0.0,0.0,1.0,0.0,0.0,0.0,6820.325406024966
Total Expenditures,2016.0,MA: Boston,6811.0,6876.0,6810.0,0.0,0.0,0.0,0.0,0.0,0.0,0.0,0.0,0.0,0.0,1.0,0.0,0.0,0.0,6820.325406024966
Total Expenditures,2017.0,MA: Boston,6820.0,6811.0,6876.0,0.0,0.0,0.0,0.0,0.0,0.0,0.0,0.0,0.0,0.0,1.0,0.0,0.0,0.0,6844.364056561835
Total Expenditures,2018.0,MA: Boston,6870.0,6820.0,6811.0,0.0,0.0,0.0,0.0,0.0,0.0,0.0,0.0,0.0,0.0,1.0,0.0,0.0,0.0,6850.18072135293
Total Expenditures,2019.0,MA: Boston,7035.0,6870.0,6820.0,0.0,0.0,0.0,0.0,0.0,0.0,0.0,0.0,0.0,0.0,1.0,0.0,0.0,0.0,6850.18072135293
Total Expenditures,2020.0,MA: Boston,7370.0,7035.0,6870.0,0.0,0.0,0.0,0.0,0.0,0.0,0.0,0.0,0.0,0.0,1.0,0.0,0.0,0.0,7356.629015164517
Total Expenditures,2021.0,MA: Boston,7562.0,7370.0,7035.0,0.0,0.0,0.0,0.0,0.0,0.0,0.0,0.0,0.0,0.0,1.0,0.0,0.0,0.0,7500.134917594226
Total Expenditures,2022.0,MA: Boston,,7562.0,7370.0,0.0,0.0,0.0,0.0,0.0,0.0,0.0,0.0,0.0,0.0,1.0,0.0,0.0,0.0,7779.4115016508995
Total Expenditures,2023.0,MA: Boston,,7779.4115016508995,7562.0,0.0,0.0,0.0,0.0,0.0,0.0,0.0,0.0,0.0,0.0,1.0,0.0,0.0,0.0,7779.4115016508995
Total Expenditures,2024.0,MA: Boston,,7779.4115016508995,7779.4115016508995,0.0,0.0,0.0,0.0,0.0,0.0,0.0,0.0,0.0,0.0,1.0,0.0,0.0,0.0,7672.832421431315
Total Expenditures,2025.0,MA: Boston,,7672.832421431315,7779.4115016508995,0.0,0.0,0.0,0.0,0.0,0.0,0.0,0.0,0.0,0.0,1.0,0.0,0.0,0.0,7672.832421431315
Transit Utility Spending,2000.0,MA: Boston,447.0,0.0,0.0,0.0,0.0,0.0,0.0,0.0,0.0,0.0,0.0,0.0,0.0,0.0,1.0,0.0,0.0,0.0
Transit Utility Spending,2001.0,MA: Boston,371.0,447.0,0.0,0.0,0.0,0.0,0.0,0.0,0.0,0.0,0.0,0.0,0.0,0.0,1.0,0.0,0.0,417.3531471626129
Transit Utility Spending,2002.0,MA: Boston,475.0,371.0,447.0,0.0,0.0,0.0,0.0,0.0,0.0,0.0,0.0,0.0,0.0,0.0,1.0,0.0,0.0,391.1326905433121
Transit Utility Spending,2003.0,MA: Boston,471.0,475.0,371.0,0.0,0.0,0.0,0.0,0.0,0.0,0.0,0.0,0.0,0.0,0.0,1.0,0.0,0.0,461.7909818015857
Transit Utility Spending,2004.0,MA: Boston,545.0,471.0,475.0,0.0,0.0,0.0,0.0,0.0,0.0,0.0,0.0,0.0,0.0,0.0,1.0,0.0,0.0,466.7109196941239
Transit Utility Spending,2005.0,MA: Boston,531.0,545.0,471.0,0.0,0.0,0.0,0.0,0.0,0.0,0.0,0.0,0.0,0.0,0.0,1.0,0.0,0.0,512.5972109754421
Transit Utility Spending,2006.0,MA: Boston,500.0,531.0,545.0,0.0,0.0,0.0,0.0,0.0,0.0,0.0,0.0,0.0,0.0,0.0,1.0,0.0,0.0,466.7109196941239
Transit Utility Spending,2007.0,MA: Boston,532.0,500.0,531.0,0.0,0.0,0.0,0.0,0.0,0.0,0.0,0.0,0.0,0.0,0.0,1.0,0.0,0.0,466.7109196941239
Transit Utility Spending,2008.0,MA: Boston,541.0,532.0,500.0,0.0,0.0,0.0,0.0,0.0,0.0,0.0,0.0,0.0,0.0,0.0,1.0,0.0,0.0,466.7109196941239
Transit Utility Spending,2009.0,MA: Boston,569.0,541.0,532.0,0.0,0.0,0.0,0.0,0.0,0.0,0.0,0.0,0.0,0.0,0.0,1.0,0.0,0.0,367.74574595580657
Transit Utility Spending,2010.0,MA: Boston,542.0,569.0,541.0,0.0,0.0,0.0,0.0,0.0,0.0,0.0,0.0,0.0,0.0,0.0,1.0,0.0,0.0,499.46847282111924
Transit Utility Spending,2011.0,MA: Boston,15.0,542.0,569.0,0.0,0.0,0.0,0.0,0.0,0.0,0.0,0.0,0.0,0.0,0.0,1.0,0.0,0.0,318.40081209470986
Transit Utility Spending,2012.0,MA: Boston,17.0,15.0,542.0,0.0,0.0,0.0,0.0,0.0,0.0,0.0,0.0,0.0,0.0,0.0,1.0,0.0,0.0,42.273549824139536
Transit Utility Spending,2013.0,MA: Boston,16.0,17.0,15.0,0.0,0.0,0.0,0.0,0.0,0.0,0.0,0.0,0.0,0.0,0.0,1.0,0.0,0.0,18.139255576381675
Transit Utility Spending,2014.0,MA: Boston,19.0,16.0,17.0,0.0,0.0,0.0,0.0,0.0,0.0,0.0,0.0,0.0,0.0,0.0,1.0,0.0,0.0,18.139255576381675
Transit Utility Spending,2015.0,MA: Boston,20.0,19.0,16.0,0.0,0.0,0.0,0.0,0.0,0.0,0.0,0.0,0.0,0.0,0.0,1.0,0.0,0.0,18.139255576381675
Transit Utility Spending,2016.0,MA: Boston,23.0,20.0,19.0,0.0,0.0,0.0,0.0,0.0,0.0,0.0,0.0,0.0,0.0,0.0,1.0,0.0,0.0,18.139255576381675
Transit Utility Spending,2017.0,MA: Boston,23.0,23.0,20.0,0.0,0.0,0.0,0.0,0.0,0.0,0.0,0.0,0.0,0.0,0.0,1.0,0.0,0.0,18.139255576381675
Transit Utility Spending,2018.0,MA: Boston,22.0,23.0,23.0,0.0,0.0,0.0,0.0,0.0,0.0,0.0,0.0,0.0,0.0,0.0,1.0,0.0,0.0,22.328980843787296
Transit Utility Spending,2019.0,MA: Boston,20.0,22.0,23.0,0.0,0.0,0.0,0.0,0.0,0.0,0.0,0.0,0.0,0.0,0.0,1.0,0.0,0.0,22.328980843787296
Transit Utility Spending,2020.0,MA: Boston,18.0,20.0,22.0,0.0,0.0,0.0,0.0,0.0,0.0,0.0,0.0,0.0,0.0,0.0,1.0,0.0,0.0,21.97931345857194
Transit Utility Spending,2021.0,MA: Boston,17.0,18.0,20.0,0.0,0.0,0.0,0.0,0.0,0.0,0.0,0.0,0.0,0.0,0.0,1.0,0.0,0.0,21.97931345857194
Transit Utility Spending,2022.0,MA: Boston,,17.0,18.0,0.0,0.0,0.0,0.0,0.0,0.0,0.0,0.0,0.0,0.0,0.0,1.0,0.0,0.0,21.97931345857194
Transit Utility Spending,2023.0,MA: Boston,,21.97931345857194,17.0,0.0,0.0,0.0,0.0,0.0,0.0,0.0,0.0,0.0,0.0,0.0,1.0,0.0,0.0,21.97931345857194
Transit Utility Spending,2024.0,MA: Boston,,21.97931345857194,21.97931345857194,0.0,0.0,0.0,0.0,0.0,0.0,0.0,0.0,0.0,0.0,0.0,1.0,0.0,0.0,21.97931345857194
Transit Utility Spending,2025.0,MA: Boston,,21.97931345857194,21.97931345857194,0.0,0.0,0.0,0.0,0.0,0.0,0.0,0.0,0.0,0.0,0.0,1.0,0.0,0.0,21.97931345857194
Transportation Spending,2000.0,MA: Boston,217.0,0.0,0.0,0.0,0.0,0.0,0.0,0.0,0.0,0.0,0.0,0.0,0.0,0.0,0.0,1.0,0.0,0.0
Transportation Spending,2001.0,MA: Boston,242.0,217.0,0.0,0.0,0.0,0.0,0.0,0.0,0.0,0.0,0.0,0.0,0.0,0.0,0.0,1.0,0.0,207.5149951181161
Transportation Spending,2002.0,MA: Boston,141.0,242.0,217.0,0.0,0.0,0.0,0.0,0.0,0.0,0.0,0.0,0.0,0.0,0.0,0.0,1.0,0.0,250.46427904516034
Transportation Spending,2003.0,MA: Boston,104.0,141.0,242.0,0.0,0.0,0.0,0.0,0.0,0.0,0.0,0.0,0.0,0.0,0.0,0.0,1.0,0.0,133.18873864507773
Transportation Spending,2004.0,MA: Boston,101.0,104.0,141.0,0.0,0.0,0.0,0.0,0.0,0.0,0.0,0.0,0.0,0.0,0.0,0.0,1.0,0.0,127.0993503146259
Transportation Spending,2005.0,MA: Boston,143.0,101.0,104.0,0.0,0.0,0.0,0.0,0.0,0.0,0.0,0.0,0.0,0.0,0.0,0.0,1.0,0.0,124.92874281528755
Transportation Spending,2006.0,MA: Boston,126.0,143.0,101.0,0.0,0.0,0.0,0.0,0.0,0.0,0.0,0.0,0.0,0.0,0.0,0.0,1.0,0.0,109.29806587615575
Transportation Spending,2007.0,MA: Boston,114.0,126.0,143.0,0.0,0.0,0.0,0.0,0.0,0.0,0.0,0.0,0.0,0.0,0.0,0.0,1.0,0.0,127.0993503146259
Transportation Spending,2008.0,MA: Boston,136.0,114.0,126.0,0.0,0.0,0.0,0.0,0.0,0.0,0.0,0.0,0.0,0.0,0.0,0.0,1.0,0.0,127.0993503146259
Transportation Spending,2009.0,MA: Boston,132.0,136.0,114.0,0.0,0.0,0.0,0.0,0.0,0.0,0.0,0.0,0.0,0.0,0.0,0.0,1.0,0.0,118.8677630565172
Transportation Spending,2010.0,MA: Boston,105.0,132.0,136.0,0.0,0.0,0.0,0.0,0.0,0.0,0.0,0.0,0.0,0.0,0.0,0.0,1.0,0.0,115.19018948099487
Transportation Spending,2011.0,MA: Boston,120.0,105.0,132.0,0.0,0.0,0.0,0.0,0.0,0.0,0.0,0.0,0.0,0.0,0.0,0.0,1.0,0.0,115.19018948099487
Transportation Spending,2012.0,MA: Boston,102.0,120.0,105.0,0.0,0.0,0.0,0.0,0.0,0.0,0.0,0.0,0.0,0.0,0.0,0.0,1.0,0.0,112.98496939983177
Transportation Spending,2013.0,MA: Boston,233.0,102.0,120.0,0.0,0.0,0.0,0.0,0.0,0.0,0.0,0.0,0.0,0.0,0.0,0.0,1.0,0.0,131.31054494965866
Transportation Spending,2014.0,MA: Boston,195.0,233.0,102.0,0.0,0.0,0.0,0.0,0.0,0.0,0.0,0.0,0.0,0.0,0.0,0.0,1.0,0.0,205.76118454300516
Transportation Spending,2015.0,MA: Boston,214.0,195.0,233.0,0.0,0.0,0.0,0.0,0.0,0.0,0.0,0.0,0.0,0.0,0.0,0.0,1.0,0.0,198.62619481427708
Transportation Spending,2016.0,MA: Boston,150.0,214.0,195.0,0.0,0.0,0.0,0.0,0.0,0.0,0.0,0.0,0.0,0.0,0.0,0.0,1.0,0.0,225.36284313344981
Transportation Spending,2017.0,MA: Boston,195.0,150.0,214.0,0.0,0.0,0.0,0.0,0.0,0.0,0.0,0.0,0.0,0.0,0.0,0.0,1.0,0.0,177.17046377908872
Transportation Spending,2018.0,MA: Boston,208.0,195.0,150.0,0.0,0.0,0.0,0.0,0.0,0.0,0.0,0.0,0.0,0.0,0.0,0.0,1.0,0.0,195.82631529764612
Transportation Spending,2019.0,MA: Boston,196.0,208.0,195.0,0.0,0.0,0.0,0.0,0.0,0.0,0.0,0.0,0.0,0.0,0.0,0.0,1.0,0.0,222.22519003035273
Transportation Spending,2020.0,MA: Boston,204.0,196.0,208.0,0.0,0.0,0.0,0.0,0.0,0.0,0.0,0.0,0.0,0.0,0.0,0.0,1.0,0.0,194.62902707957736
Transportation Spending,2021.0,MA: Boston,185.0,204.0,196.0,0.0,0.0,0.0,0.0,0.0,0.0,0.0,0.0,0.0,0.0,0.0,0.0,1.0,0.0,221.8755226451374
Transportation Spending,2022.0,MA: Boston,,185.0,204.0,0.0,0.0,0.0,0.0,0.0,0.0,0.0,0.0,0.0,0.0,0.0,0.0,1.0,0.0,173.68314329077631
Transportation Spending,2023.0,MA: Boston,,173.68314329077631,185.0,0.0,0.0,0.0,0.0,0.0,0.0,0.0,0.0,0.0,0.0,0.0,0.0,1.0,0.0,176.33113827560425
Transportation Spending,2024.0,MA: Boston,,176.33113827560425,173.68314329077631,0.0,0.0,0.0,0.0,0.0,0.0,0.0,0.0,0.0,0.0,0.0,0.0,1.0,0.0,176.33113827560425
Transportation Spending,2025.0,MA: Boston,,176.33113827560425,176.33113827560425,0.0,0.0,0.0,0.0,0.0,0.0,0.0,0.0,0.0,0.0,0.0,0.0,1.0,0.0,176.33113827560425
Water Utility Spending,2000.0,MA: Boston,164.0,0.0,0.0,0.0,0.0,0.0,0.0,0.0,0.0,0.0,0.0,0.0,0.0,0.0,0.0,0.0,1.0,0.0
Water Utility Spending,2001.0,MA: Boston,187.0,164.0,0.0,0.0,0.0,0.0,0.0,0.0,0.0,0.0,0.0,0.0,0.0,0.0,0.0,0.0,1.0,169.88065930613743
Water Utility Spending,2002.0,MA: Boston,194.0,187.0,164.0,0.0,0.0,0.0,0.0,0.0,0.0,0.0,0.0,0.0,0.0,0.0,0.0,0.0,1.0,210.7403063485092
Water Utility Spending,2003.0,MA: Boston,232.0,194.0,187.0,0.0,0.0,0.0,0.0,0.0,0.0,0.0,0.0,0.0,0.0,0.0,0.0,0.0,1.0,212.5406805004837
Water Utility Spending,2004.0,MA: Boston,251.0,232.0,194.0,0.0,0.0,0.0,0.0,0.0,0.0,0.0,0.0,0.0,0.0,0.0,0.0,0.0,1.0,239.78717606604374
Water Utility Spending,2005.0,MA: Boston,240.0,251.0,232.0,0.0,0.0,0.0,0.0,0.0,0.0,0.0,0.0,0.0,0.0,0.0,0.0,0.0,1.0,265.31133676601996
Water Utility Spending,2006.0,MA: Boston,392.0,240.0,251.0,0.0,0.0,0.0,0.0,0.0,0.0,0.0,0.0,0.0,0.0,0.0,0.0,0.0,1.0,271.57989529594715
Water Utility Spending,2007.0,MA: Boston,332.0,392.0,240.0,0.0,0.0,0.0,0.0,0.0,0.0,0.0,0.0,0.0,0.0,0.0,0.0,0.0,1.0,381.6688495316488
Water Utility Spending,2008.0,MA: Boston,185.0,332.0,392.0,0.0,0.0,0.0,0.0,0.0,0.0,0.0,0.0,0.0,0.0,0.0,0.0,0.0,1.0,276.8883164927579
Water Utility Spending,2009.0,MA: Boston,130.0,185.0,332.0,0.0,0.0,0.0,0.0,0.0,0.0,0.0,0.0,0.0,0.0,0.0,0.0,0.0,1.0,176.64923536688272
Water Utility Spending,2010.0,MA: Boston,122.0,130.0,185.0,0.0,0.0,0.0,0.0,0.0,0.0,0.0,0.0,0.0,0.0,0.0,0.0,0.0,1.0,116.30199743134735
Water Utility Spending,2011.0,MA: Boston,95.0,122.0,130.0,0.0,0.0,0.0,0.0,0.0,0.0,0.0,0.0,0.0,0.0,0.0,0.0,0.0,1.0,114.50162327937281
Water Utility Spending,2012.0,MA: Boston,102.0,95.0,122.0,0.0,0.0,0.0,0.0,0.0,0.0,0.0,0.0,0.0,0.0,0.0,0.0,0.0,1.0,99.95956507210398
Water Utility Spending,2013.0,MA: Boston,108.0,102.0,95.0,0.0,0.0,0.0,0.0,0.0,0.0,0.0,0.0,0.0,0.0,0.0,0.0,0.0,1.0,107.11607492576144
Water Utility Spending,2014.0,MA: Boston,114.0,108.0,102.0,0.0,0.0,0.0,0.0,0.0,0.0,0.0,0.0,0.0,0.0,0.0,0.0,0.0,1.0,107.11607492576144
Water Utility Spending,2015.0,MA: Boston,112.0,114.0,108.0,0.0,0.0,0.0,0.0,0.0,0.0,0.0,0.0,0.0,0.0,0.0,0.0,0.0,1.0,114.66926783964901
Water Utility Spending,2016.0,MA: Boston,111.0,112.0,114.0,0.0,0.0,0.0,0.0,0.0,0.0,0.0,0.0,0.0,0.0,0.0,0.0,0.0,1.0,124.91735936423164
Water Utility Spending,2017.0,MA: Boston,130.0,111.0,112.0,0.0,0.0,0.0,0.0,0.0,0.0,0.0,0.0,0.0,0.0,0.0,0.0,0.0,1.0,124.91735936423164
Water Utility Spending,2018.0,MA: Boston,101.0,130.0,111.0,0.0,0.0,0.0,0.0,0.0,0.0,0.0,0.0,0.0,0.0,0.0,0.0,0.0,1.0,114.17960972137989
Water Utility Spending,2019.0,MA: Boston,103.0,101.0,130.0,0.0,0.0,0.0,0.0,0.0,0.0,0.0,0.0,0.0,0.0,0.0,0.0,0.0,1.0,124.42770124596252
Water Utility Spending,2020.0,MA: Boston,95.0,103.0,101.0,0.0,0.0,0.0,0.0,0.0,0.0,0.0,0.0,0.0,0.0,0.0,0.0,0.0,1.0,106.27674942227696
Water Utility Spending,2021.0,MA: Boston,91.0,95.0,103.0,0.0,0.0,0.0,0.0,0.0,0.0,0.0,0.0,0.0,0.0,0.0,0.0,0.0,1.0,88.87214804403693
Water Utility Spending,2022.0,MA: Boston,,91.0,95.0,0.0,0.0,0.0,0.0,0.0,0.0,0.0,0.0,0.0,0.0,0.0,0.0,0.0,1.0,81.31895513014936
Water Utility Spending,2023.0,MA: Boston,,81.31895513014936,91.0,0.0,0.0,0.0,0.0,0.0,0.0,0.0,0.0,0.0,0.0,0.0,0.0,0.0,1.0,81.31895513014936
Water Utility Spending,2024.0,MA: Boston,,81.31895513014936,81.31895513014936,0.0,0.0,0.0,0.0,0.0,0.0,0.0,0.0,0.0,0.0,0.0,0.0,0.0,1.0,81.31895513014936
Water Utility Spending,2025.0,MA: Boston,,81.31895513014936,81.31895513014936,0.0,0.0,0.0,0.0,0.0,0.0,0.0,0.0,0.0,0.0,0.0,0.0,0.0,1.0,81.31895513014936
